p 100 3
b 1 1333.900000
b 2 414.800000
b 3 1736.900000
b 4 1334.600000
b 5 143.700000
b 6 683.700000
b 7 465.700000
b 8 216.500000
b 9 540.500000
b 10 409.000000
b 11 758.700000
b 12 460.200000
b 13 251.600000
b 14 247.900000
b 15 1041.600000
b 16 307.800000
b 17 1158.400000
b 18 229.200000
b 19 535.800000
b 20 110.400000
b 21 491.200000
b 22 1271.800000
b 23 713.400000
b 24 159.800000
b 25 2358.100000
b 26 2905.700000
b 27 534.500000
b 28 86.300000
b 29 647.500000
b 30 21.800000
b 31 275.900000
b 32 107.700000
b 33 557.600000
b 34 861.500000
b 35 3796.600000
b 36 563.600000
b 37 2210.500000
b 38 702.200000
b 39 542.600000
b 40 238.700000
b 41 2956.700000
b 42 1071.600000
b 43 187.200000
b 44 1009.100000
b 45 319.000000
b 46 233.300000
b 47 990.600000
b 48 346.200000
b 49 213.600000
b 50 181.000000
b 51 150.900000
b 52 248.100000
b 53 2837.800000
b 54 62.500000
b 55 223.800000
b 56 376.100000
b 57 2304.500000
b 58 3101.100000
b 59 2537.800000
b 60 681.100000
b 61 926.700000
b 62 2902.600000
b 63 2630.000000
b 64 2870.300000
b 65 717.900000
b 66 133.400000
b 67 53.200000
b 68 216.200000
b 69 649.300000
b 70 2464.500000
b 71 2866.400000
b 72 513.000000
b 73 106.400000
b 74 606.800000
b 75 709.000000
b 76 1629.200000
b 77 2267.900000
b 78 448.700000
b 79 298.300000
b 80 167.100000
b 81 2260.200000
b 82 77.800000
b 83 1128.000000
b 84 1228.500000
b 85 471.600000
b 86 1695.700000
b 87 1689.000000
b 88 2126.400000
b 89 1877.800000
b 90 782.900000
b 91 120.600000
b 92 2981.700000
b 93 1979.900000
b 94 1247.500000
b 95 183.000000
b 96 248.600000
b 97 1507.800000
b 98 857.100000
b 99 351.600000
b 100 1401.800000
d 1 1 14
d 1 2 1
d 1 3 67
d 2 1 16
d 2 2 2
d 2 3 69
d 3 1 16
d 3 2 2
d 3 3 47
d 4 1 14
d 4 2 2
d 4 3 68
d 5 1 7
d 5 2 1
d 5 3 61
d 6 1 12
d 6 2 2
d 6 3 68
d 7 1 20
d 7 2 4
d 7 3 70
d 8 1 16
d 8 2 4
d 8 3 47
d 9 1 16
d 9 2 4
d 9 3 45
d 10 1 12
d 10 2 3
d 10 3 44
d 11 1 8
d 11 2 2
d 11 3 84
d 12 1 19
d 12 2 5
d 12 3 87
d 13 1 18
d 13 2 6
d 13 3 45
d 14 1 6
d 14 2 2
d 14 3 60
d 15 1 12
d 15 2 4
d 15 3 72
d 16 1 14
d 16 2 6
d 16 3 45
d 17 1 12
d 17 2 6
d 17 3 69
d 18 1 8
d 18 2 4
d 18 3 99
d 19 1 20
d 19 2 11
d 19 3 52
d 20 1 14
d 20 2 8
d 20 3 69
d 21 1 14
d 21 2 8
d 21 3 52
d 22 1 10
d 22 2 6
d 22 3 83
d 23 1 20
d 23 2 13
d 23 3 43
d 24 1 20
d 24 2 13
d 24 3 61
d 25 1 14
d 25 2 10
d 25 3 49
d 26 1 14
d 26 2 10
d 26 3 100
d 27 1 16
d 27 2 12
d 27 3 62
d 28 1 6
d 28 2 6
d 28 3 64
d 29 1 14
d 29 2 14
d 29 3 82
d 30 1 2
d 30 2 2
d 30 3 59
d 31 1 12
d 31 2 12
d 31 3 61
d 32 1 2
d 32 2 2
d 32 3 55
d 33 1 15
d 33 2 15
d 33 3 97
d 34 1 15
d 34 2 17
d 34 3 70
d 35 1 20
d 35 2 24
d 35 3 82
d 36 1 12
d 36 2 16
d 36 3 100
d 37 1 16
d 37 2 22
d 37 3 58
d 38 1 17
d 38 2 24
d 38 3 57
d 39 1 7
d 39 2 10
d 39 3 93
d 40 1 15
d 40 2 22
d 40 3 75
d 41 1 20
d 41 2 30
d 41 3 57
d 42 1 13
d 42 2 21
d 42 3 52
d 43 1 17
d 43 2 28
d 43 3 50
d 44 1 18
d 44 2 30
d 44 3 89
d 45 1 14
d 45 2 24
d 45 3 76
d 46 1 10
d 46 2 18
d 46 3 56
d 47 1 12
d 47 2 22
d 47 3 72
d 48 1 4
d 48 2 8
d 48 3 82
d 49 1 4
d 49 2 8
d 49 3 84
d 50 1 4
d 50 2 8
d 50 3 60
d 51 1 8
d 51 2 16
d 51 3 79
d 52 1 10
d 52 2 20
d 52 3 75
d 53 1 14
d 53 2 28
d 53 3 81
d 54 1 5
d 54 2 10
d 54 3 44
d 55 1 5
d 55 2 10
d 55 3 65
d 56 1 11
d 56 2 27
d 56 3 65
d 57 1 8
d 57 2 22
d 57 3 70
d 58 1 10
d 58 2 28
d 58 3 65
d 59 1 10
d 59 2 28
d 59 3 88
d 60 1 8
d 60 2 24
d 60 3 64
d 61 1 8
d 61 2 24
d 61 3 60
d 62 1 10
d 62 2 30
d 62 3 51
d 63 1 8
d 63 2 24
d 63 3 84
d 64 1 10
d 64 2 30
d 64 3 85
d 65 1 2
d 65 2 6
d 65 3 74
d 66 1 4
d 66 2 12
d 66 3 100
d 67 1 1
d 67 2 3
d 67 3 40
d 68 1 3
d 68 2 9
d 68 3 47
d 69 1 2
d 69 2 6
d 69 3 89
d 70 1 10
d 70 2 30
d 70 3 69
d 71 1 10
d 71 2 30
d 71 3 82
d 72 1 8
d 72 2 26
d 72 3 40
d 73 1 3
d 73 2 10
d 73 3 77
d 74 1 6
d 74 2 20
d 74 3 79
d 75 1 8
d 75 2 30
d 75 3 60
d 76 1 4
d 76 2 16
d 76 3 82
d 77 1 6
d 77 2 24
d 77 3 41
d 78 1 6
d 78 2 24
d 78 3 63
d 79 1 2
d 79 2 8
d 79 3 55
d 80 1 6
d 80 2 24
d 80 3 52
d 81 1 6
d 81 2 24
d 81 3 75
d 82 1 4
d 82 2 16
d 82 3 85
d 83 1 6
d 83 2 24
d 83 3 72
d 84 1 3
d 84 2 12
d 84 3 66
d 85 1 6
d 85 2 26
d 85 3 58
d 86 1 5
d 86 2 23
d 86 3 55
d 87 1 6
d 87 2 30
d 87 3 56
d 88 1 6
d 88 2 30
d 88 3 41
d 89 1 5
d 89 2 25
d 89 3 78
d 90 1 6
d 90 2 30
d 90 3 64
d 91 1 1
d 91 2 5
d 91 3 83
d 92 1 6
d 92 2 30
d 92 3 52
d 93 1 4
d 93 2 22
d 93 3 60
d 94 1 4
d 94 2 24
d 94 3 52
d 95 1 2
d 95 2 12
d 95 3 60
d 96 1 4
d 96 2 24
d 96 3 47
d 97 1 4
d 97 2 26
d 97 3 78
d 98 1 2
d 98 2 13
d 98 3 86
d 99 1 3
d 99 2 21
d 99 3 95
d 100 1 2
d 100 2 14
d 100 3 97
r 920 1600 10240

