1
920 1600 10240
103
14 1 67
16 2 69
16 2 47
14 2 68
7 1 61
12 2 68
20 4 70
16 4 47
16 4 45
12 3 44
8 2 84
19 5 87
18 6 45
6 2 60
12 4 72
14 6 45
12 6 69
8 4 99
20 11 52
14 8 69
14 8 52
10 6 83
20 13 43
20 13 61
14 10 49
14 10 100
16 12 62
6 6 64
14 14 82
2 2 59
12 12 61
2 2 55
15 15 97
15 17 70
20 24 82
12 16 100
16 22 58
17 24 57
7 10 93
15 22 75
20 30 57
13 21 52
17 28 50
18 30 89
14 24 76
10 18 56
12 22 72
4 8 82
4 8 84
4 8 60
8 16 79
10 20 75
14 28 81
5 10 44
5 10 65
11 27 65
8 22 70
10 28 65
10 28 88
8 24 64
8 24 60
10 30 51
8 24 84
10 30 85
2 6 74
4 12 100
1 3 40
3 9 47
2 6 89
10 30 69
10 30 82
8 26 40
3 10 77
6 20 79
8 30 60
4 16 82
6 24 41
6 24 63
2 8 55
6 24 52
6 24 75
4 16 85
6 24 72
3 12 66
6 26 58
5 23 55
6 30 56
6 30 41
5 25 78
6 30 64
1 5 83
6 30 52
4 22 60
4 24 52
2 12 60
4 24 47
4 26 78
2 13 86
3 21 95
2 14 97
3 24 95
1 21 74
1 28 54
